20170525	1	0	P0		1					10338	M3	01-00-P0	01-06-250560-P	160750.68			บันทึกรายการตั้งยอดลูกหนี้ค่าน้ำค่าบริการรายเดือน		0	147673.74			บันทึกรายการตั้งยอดลูกหนี้ค่าน้ำค่าบริการรายเดือน		0	1010			บันทึกรายการตั้งยอดลูกหนี้ค่าน้ำค่าบริการรายเดือน		0	1550.55			บันทึกรายการตั้งยอดลูกหนี้ค่าน้ำค่าบริการรายเดือน		0	10516.39			บันทึกรายการตั้งยอดลูกหนี้ค่าน้ำค่าบริการรายเดือน		0	0					0	0					0	0					0	0					0	0					0
20170525	2	0	P0		2					1248	M3	02-00-P0	02-06-250560-P	15722.21			บันทึกรายการตั้งยอดลูกหนี้ค่าน้ำค่าบริการรายเดือน		0	14266.44			บันทึกรายการตั้งยอดลูกหนี้ค่าน้ำค่าบริการรายเดือน		0	240			บันทึกรายการตั้งยอดลูกหนี้ค่าน้ำค่าบริการรายเดือน		0	187.2			บันทึกรายการตั้งยอดลูกหนี้ค่าน้ำค่าบริการรายเดือน		0	1028.57			บันทึกรายการตั้งยอดลูกหนี้ค่าน้ำค่าบริการรายเดือน		0	0					0	0					0	0					0	0					0	0					0
20170525	2	0	P1		2					1151	M3	02-00-P1	02-14-250560	17918.2			บันทึกรายการยกเลิกบิล		0	16508.33			บันทึกรายการยกเลิกบิล		0	65			บันทึกรายการยกเลิกบิล		0	172.65			บันทึกรายการยกเลิกบิล		0	1172.22			บันทึกรายการยกเลิกบิล		0	0					0	0					0	0					0	0					0	0					0
20170525	3	0	P0		3					28	M3	03-00-P0	03-06-250560-P	341.12			บันทึกรายการตั้งยอดลูกหนี้ค่าน้ำค่าบริการรายเดือน		0	289.6			บันทึกรายการตั้งยอดลูกหนี้ค่าน้ำค่าบริการรายเดือน		0	25			บันทึกรายการตั้งยอดลูกหนี้ค่าน้ำค่าบริการรายเดือน		0	4.2			บันทึกรายการตั้งยอดลูกหนี้ค่าน้ำค่าบริการรายเดือน		0	22.32			บันทึกรายการตั้งยอดลูกหนี้ค่าน้ำค่าบริการรายเดือน		0	0					0	0					0	0					0	0					0	0					0
20170525	3	0	P1		3					526	M3	03-00-P1	03-14-250560	8664.18			บันทึกรายการยกเลิกบิล		0	7968.46			บันทึกรายการยกเลิกบิล		0	50			บันทึกรายการยกเลิกบิล		0	78.9			บันทึกรายการยกเลิกบิล		0	566.82			บันทึกรายการยกเลิกบิล		0	0					0	0					0	0					0	0					0	0					0
20170525	4	0	G0		4					12406	M3	04-00-G0	04-06-250560-G	168172.13			บันทึกรายการตั้งยอดลูกหนี้ค่าน้ำค่าบริการรายเดือน		0	146604.2			บันทึกรายการตั้งยอดลูกหนี้ค่าน้ำค่าบริการรายเดือน		0	8460			บันทึกรายการตั้งยอดลูกหนี้ค่าน้ำค่าบริการรายเดือน		0	2106			บันทึกรายการตั้งยอดลูกหนี้ค่าน้ำค่าบริการรายเดือน		0	11001.93			บันทึกรายการตั้งยอดลูกหนี้ค่าน้ำค่าบริการรายเดือน		0	0					0	0					0	0					0	0					0	0					0
20170525	4	0	P0		4					11	M3	04-00-P0	04-06-250560-P	101.81			บันทึกรายการตั้งยอดลูกหนี้ค่าน้ำค่าบริการรายเดือน		0	93.5			บันทึกรายการตั้งยอดลูกหนี้ค่าน้ำค่าบริการรายเดือน		0	0			บันทึกรายการตั้งยอดลูกหนี้ค่าน้ำค่าบริการรายเดือน		0	1.65			บันทึกรายการตั้งยอดลูกหนี้ค่าน้ำค่าบริการรายเดือน		0	6.66			บันทึกรายการตั้งยอดลูกหนี้ค่าน้ำค่าบริการรายเดือน		0	0					0	0					0	0					0	0					0	0					0
20170525	5	0	P0		5					54	M3	05-00-P0	05-06-250560-P	553.3			บันทึกรายการตั้งยอดลูกหนี้ค่าน้ำค่าบริการรายเดือน		0	459			บันทึกรายการตั้งยอดลูกหนี้ค่าน้ำค่าบริการรายเดือน		0	50			บันทึกรายการตั้งยอดลูกหนี้ค่าน้ำค่าบริการรายเดือน		0	8.1			บันทึกรายการตั้งยอดลูกหนี้ค่าน้ำค่าบริการรายเดือน		0	36.2			บันทึกรายการตั้งยอดลูกหนี้ค่าน้ำค่าบริการรายเดือน		0	0					0	0					0	0					0	0					0	0					0
20170525	6	0	G0		6					108663	M3	06-00-G0	06-06-250560-G	1306840.04			บันทึกรายการตั้งยอดลูกหนี้ค่าน้ำค่าบริการรายเดือน		0	1159323.25			บันทึกรายการตั้งยอดลูกหนี้ค่าน้ำค่าบริการรายเดือน		0	44150			บันทึกรายการตั้งยอดลูกหนี้ค่าน้ำค่าบริการรายเดือน		0	17872.5			บันทึกรายการตั้งยอดลูกหนี้ค่าน้ำค่าบริการรายเดือน		0	85494.29			บันทึกรายการตั้งยอดลูกหนี้ค่าน้ำค่าบริการรายเดือน		0	0					0	0					0	0					0	0					0	0					0
20170525	6	0	G1		6					580	M3	06-00-G1	06-14-250560	0			บันทึกยกเลิกบิลราชการ		0	0			บันทึกยกเลิกบิลราชการ		0	0			บันทึกยกเลิกบิลราชการ		0	0			บันทึกยกเลิกบิลราชการ		0	0			บันทึกยกเลิกบิลราชการ		0	0					0	0					0	0					0	0					0	0					0
20170525	6	0	P0		6					45	M3	06-00-P0	06-06-250560-P	469.52			บันทึกรายการตั้งยอดลูกหนี้ค่าน้ำค่าบริการรายเดือน		0	407.05			บันทึกรายการตั้งยอดลูกหนี้ค่าน้ำค่าบริการรายเดือน		0	25			บันทึกรายการตั้งยอดลูกหนี้ค่าน้ำค่าบริการรายเดือน		0	6.75			บันทึกรายการตั้งยอดลูกหนี้ค่าน้ำค่าบริการรายเดือน		0	30.72			บันทึกรายการตั้งยอดลูกหนี้ค่าน้ำค่าบริการรายเดือน		0	0					0	0					0	0					0	0					0	0					0
20170525	7	0	L0		7					498	M3	07-00-L0	07-06-250560-L	8132.51			บันทึกรายการตั้งยอดลูกหนี้ค่าน้ำค่าบริการรายเดือน		0	7525.78			บันทึกรายการตั้งยอดลูกหนี้ค่าน้ำค่าบริการรายเดือน		0	0			บันทึกรายการตั้งยอดลูกหนี้ค่าน้ำค่าบริการรายเดือน		0	74.7			บันทึกรายการตั้งยอดลูกหนี้ค่าน้ำค่าบริการรายเดือน		0	532.03			บันทึกรายการตั้งยอดลูกหนี้ค่าน้ำค่าบริการรายเดือน		0	0					0	0					0	0					0	0					0	0					0
20170525	7	0	P0		7					4119	M3	07-00-P0	07-06-250560-P	63984.61			บันทึกรายการตั้งยอดลูกหนี้ค่าน้ำค่าบริการรายเดือน		0	58505.85			บันทึกรายการตั้งยอดลูกหนี้ค่าน้ำค่าบริการรายเดือน		0	675			บันทึกรายการตั้งยอดลูกหนี้ค่าน้ำค่าบริการรายเดือน		0	617.85			บันทึกรายการตั้งยอดลูกหนี้ค่าน้ำค่าบริการรายเดือน		0	4185.91			บันทึกรายการตั้งยอดลูกหนี้ค่าน้ำค่าบริการรายเดือน		0	0					0	0					0	0					0	0					0	0					0
20170525	7	0	P1		7					4080	M3	07-00-P1	07-14-250560	68700.66			บันทึกรายการยกเลิกบิล		0	63244.22			บันทึกรายการยกเลิกบิล		0	350			บันทึกรายการยกเลิกบิล		0	612			บันทึกรายการยกเลิกบิล		0	4494.44			บันทึกรายการยกเลิกบิล		0	0					0	0					0	0					0	0					0	0					0
20170525	11	0	P0		11					1218	M3	11-00-P0	11-06-250560-P	16648.79			บันทึกรายการตั้งยอดลูกหนี้ค่าน้ำค่าบริการรายเดือน		0	13896.95			บันทึกรายการตั้งยอดลูกหนี้ค่าน้ำค่าบริการรายเดือน		0	1480			บันทึกรายการตั้งยอดลูกหนี้ค่าน้ำค่าบริการรายเดือน		0	182.7			บันทึกรายการตั้งยอดลูกหนี้ค่าน้ำค่าบริการรายเดือน		0	1089.14			บันทึกรายการตั้งยอดลูกหนี้ค่าน้ำค่าบริการรายเดือน		0	0					0	0					0	0					0	0					0	0					0
20170525	12	0	P0		12					2646	M3	12-00-P0	12-06-250560-P	42687.06			บันทึกรายการตั้งยอดลูกหนี้ค่าน้ำค่าบริการรายเดือน		0	38747.53			บันทึกรายการตั้งยอดลูกหนี้ค่าน้ำค่าบริการรายเดือน		0	750			บันทึกรายการตั้งยอดลูกหนี้ค่าน้ำค่าบริการรายเดือน		0	396.9			บันทึกรายการตั้งยอดลูกหนี้ค่าน้ำค่าบริการรายเดือน		0	2792.63			บันทึกรายการตั้งยอดลูกหนี้ค่าน้ำค่าบริการรายเดือน		0	0					0	0					0	0					0	0					0	0					0
20170525	13	0	P0		13					6797	M3	13-00-P0	13-06-250560-P	112338.32			บันทึกรายการตั้งยอดลูกหนี้ค่าน้ำค่าบริการรายเดือน		0	100899.51			บันทึกรายการตั้งยอดลูกหนี้ค่าน้ำค่าบริการรายเดือน		0	3070			บันทึกรายการตั้งยอดลูกหนี้ค่าน้ำค่าบริการรายเดือน		0	1019.55			บันทึกรายการตั้งยอดลูกหนี้ค่าน้ำค่าบริการรายเดือน		0	7349.26			บันทึกรายการตั้งยอดลูกหนี้ค่าน้ำค่าบริการรายเดือน		0	0					0	0					0	0					0	0					0	0					0
20170525	14	0	G0		14					478	M3	14-00-G0	14-06-250560-G	8218.97			บันทึกรายการตั้งยอดลูกหนี้ค่าน้ำค่าบริการรายเดือน		0	7209.58			บันทึกรายการตั้งยอดลูกหนี้ค่าน้ำค่าบริการรายเดือน		0	400			บันทึกรายการตั้งยอดลูกหนี้ค่าน้ำค่าบริการรายเดือน		0	71.7			บันทึกรายการตั้งยอดลูกหนี้ค่าน้ำค่าบริการรายเดือน		0	537.69			บันทึกรายการตั้งยอดลูกหนี้ค่าน้ำค่าบริการรายเดือน		0	0					0	0					0	0					0	0					0	0					0
20170525	14	0	G1		14					0	M3	14-00-G1	14-14-250560	7668.58			บันทึกยกเลิกบิลราชการ		0	6766.9			บันทึกยกเลิกบิลราชการ		0	400			บันทึกยกเลิกบิลราชการ		0	0			บันทึกยกเลิกบิลราชการ		0	501.68			บันทึกยกเลิกบิลราชการ		0	0					0	0					0	0					0	0					0	0					0
20170525	14	0	L0		14					31	M3	14-00-L0	14-06-250560-L	395.22			บันทึกรายการตั้งยอดลูกหนี้ค่าน้ำค่าบริการรายเดือน		0	324.71			บันทึกรายการตั้งยอดลูกหนี้ค่าน้ำค่าบริการรายเดือน		0	40			บันทึกรายการตั้งยอดลูกหนี้ค่าน้ำค่าบริการรายเดือน		0	4.65			บันทึกรายการตั้งยอดลูกหนี้ค่าน้ำค่าบริการรายเดือน		0	25.86			บันทึกรายการตั้งยอดลูกหนี้ค่าน้ำค่าบริการรายเดือน		0	0					0	0					0	0					0	0					0	0					0
20170525	14	0	P0		14					3229	M3	14-00-P0	14-06-250560-P	42662.55			บันทึกรายการตั้งยอดลูกหนี้ค่าน้ำค่าบริการรายเดือน		0	38197.2			บันทึกรายการตั้งยอดลูกหนี้ค่าน้ำค่าบริการรายเดือน		0	1190			บันทึกรายการตั้งยอดลูกหนี้ค่าน้ำค่าบริการรายเดือน		0	484.35			บันทึกรายการตั้งยอดลูกหนี้ค่าน้ำค่าบริการรายเดือน		0	2791			บันทึกรายการตั้งยอดลูกหนี้ค่าน้ำค่าบริการรายเดือน		0	0					0	0					0	0					0	0					0	0					0
20170525	14	0	P1		14					2269	M3	14-00-P1	14-14-250560	34015.41			บันทึกรายการยกเลิกบิล		0	31304.75			บันทึกรายการยกเลิกบิล		0	145			บันทึกรายการยกเลิกบิล		0	340.35			บันทึกรายการยกเลิกบิล		0	2225.31			บันทึกรายการยกเลิกบิล		0	0					0	0					0	0					0	0					0	0					0
20170525	15	0	P0		15					936	M3	15-00-P0	15-06-250560-P	12404.98			บันทึกรายการตั้งยอดลูกหนี้ค่าน้ำค่าบริการรายเดือน		0	11023.03			บันทึกรายการตั้งยอดลูกหนี้ค่าน้ำค่าบริการรายเดือน		0	430			บันทึกรายการตั้งยอดลูกหนี้ค่าน้ำค่าบริการรายเดือน		0	140.4			บันทึกรายการตั้งยอดลูกหนี้ค่าน้ำค่าบริการรายเดือน		0	811.55			บันทึกรายการตั้งยอดลูกหนี้ค่าน้ำค่าบริการรายเดือน		0	0					0	0					0	0					0	0					0	0					0
20170525	15	0	P1		15					829	M3	15-00-P1	15-14-250560	12475.45			บันทึกรายการยกเลิกบิล		0	11484.95			บันทึกรายการยกเลิกบิล		0	50			บันทึกรายการยกเลิกบิล		0	124.35			บันทึกรายการยกเลิกบิล		0	816.15			บันทึกรายการยกเลิกบิล		0	0					0	0					0	0					0	0					0	0					0
20170525	17	0	P0		17					62	M3	17-00-P0	17-06-250560-P	716.26			บันทึกรายการตั้งยอดลูกหนี้ค่าน้ำค่าบริการรายเดือน		0	585.1			บันทึกรายการตั้งยอดลูกหนี้ค่าน้ำค่าบริการรายเดือน		0	75			บันทึกรายการตั้งยอดลูกหนี้ค่าน้ำค่าบริการรายเดือน		0	9.3			บันทึกรายการตั้งยอดลูกหนี้ค่าน้ำค่าบริการรายเดือน		0	46.86			บันทึกรายการตั้งยอดลูกหนี้ค่าน้ำค่าบริการรายเดือน		0	0					0	0					0	0					0	0					0	0					0
20170525	53	0	L0		53					34	M3	53-00-L0	53-06-250560-L	3534.96			บันทึกรายการตั้งยอดลูกหนี้ค่าน้ำค่าบริการรายเดือน		0	2973.6			บันทึกรายการตั้งยอดลูกหนี้ค่าน้ำค่าบริการรายเดือน		0	325			บันทึกรายการตั้งยอดลูกหนี้ค่าน้ำค่าบริการรายเดือน		0	5.1			บันทึกรายการตั้งยอดลูกหนี้ค่าน้ำค่าบริการรายเดือน		0	231.26			บันทึกรายการตั้งยอดลูกหนี้ค่าน้ำค่าบริการรายเดือน		0	0					0	0					0	0					0	0					0	0					0
20170525	53	0	P0		53					119	M3	53-00-P0	53-06-250560-P	1524.28			บันทึกรายการตั้งยอดลูกหนี้ค่าน้ำค่าบริการรายเดือน		0	1316.7			บันทึกรายการตั้งยอดลูกหนี้ค่าน้ำค่าบริการรายเดือน		0	90			บันทึกรายการตั้งยอดลูกหนี้ค่าน้ำค่าบริการรายเดือน		0	17.85			บันทึกรายการตั้งยอดลูกหนี้ค่าน้ำค่าบริการรายเดือน		0	99.73			บันทึกรายการตั้งยอดลูกหนี้ค่าน้ำค่าบริการรายเดือน		0	0					0	0					0	0					0	0					0	0					0
20170525	54	0	L0		54					48062	M3	54-00-L0	54-06-250560-L	821090.52			บันทึกรายการตั้งยอดลูกหนี้ค่าน้ำค่าบริการรายเดือน		0	759165.02			บันทึกรายการตั้งยอดลูกหนี้ค่าน้ำค่าบริการรายเดือน		0	1000			บันทึกรายการตั้งยอดลูกหนี้ค่าน้ำค่าบริการรายเดือน		0	7209.3			บันทึกรายการตั้งยอดลูกหนี้ค่าน้ำค่าบริการรายเดือน		0	53716.2			บันทึกรายการตั้งยอดลูกหนี้ค่าน้ำค่าบริการรายเดือน		0	0					0	0					0	0					0	0					0	0					0
20170525	54	0	P0		54					211	M3	54-00-P0	54-06-250560-P	2751.49			บันทึกรายการตั้งยอดลูกหนี้ค่าน้ำค่าบริการรายเดือน		0	2184.81			บันทึกรายการตั้งยอดลูกหนี้ค่าน้ำค่าบริการรายเดือน		0	355			บันทึกรายการตั้งยอดลูกหนี้ค่าน้ำค่าบริการรายเดือน		0	31.65			บันทึกรายการตั้งยอดลูกหนี้ค่าน้ำค่าบริการรายเดือน		0	180.03			บันทึกรายการตั้งยอดลูกหนี้ค่าน้ำค่าบริการรายเดือน		0	0					0	0					0	0					0	0					0	0					0
20170525	55	0	P0		55					462	M3	55-00-P0	55-06-250560-P	7544.48			บันทึกรายการตั้งยอดลูกหนี้ค่าน้ำค่าบริการรายเดือน		0	6956.62			บันทึกรายการตั้งยอดลูกหนี้ค่าน้ำค่าบริการรายเดือน		0	25			บันทึกรายการตั้งยอดลูกหนี้ค่าน้ำค่าบริการรายเดือน		0	69.3			บันทึกรายการตั้งยอดลูกหนี้ค่าน้ำค่าบริการรายเดือน		0	493.56			บันทึกรายการตั้งยอดลูกหนี้ค่าน้ำค่าบริการรายเดือน		0	0					0	0					0	0					0	0					0	0					0
20170525	56	0	P0		56					831	M3	56-00-P0	56-06-250560-P	10361.08			บันทึกรายการตั้งยอดลูกหนี้ค่าน้ำค่าบริการรายเดือน		0	9328.6			บันทึกรายการตั้งยอดลูกหนี้ค่าน้ำค่าบริการรายเดือน		0	230			บันทึกรายการตั้งยอดลูกหนี้ค่าน้ำค่าบริการรายเดือน		0	124.65			บันทึกรายการตั้งยอดลูกหนี้ค่าน้ำค่าบริการรายเดือน		0	677.83			บันทึกรายการตั้งยอดลูกหนี้ค่าน้ำค่าบริการรายเดือน		0	0					0	0					0	0					0	0					0	0					0
20170525	56	0	P1		56					841	M3	56-00-P1	56-14-250560	11397.69			บันทึกรายการยกเลิกบิล		0	10425.89			บันทึกรายการยกเลิกบิล		0	100			บันทึกรายการยกเลิกบิล		0	126.15			บันทึกรายการยกเลิกบิล		0	745.65			บันทึกรายการยกเลิกบิล		0	0					0	0					0	0					0	0					0	0					0
